SceneVariables {
    ["camera"] = PerspectiveCamera("primaryCamera"),
    ["layer"] = Layer("defaultLayer"),
    ["image_width"] = 2115,
    ["image_height"] = 1370,
    ["enable_motion_blur"] = false,
    ["log_debug"] = true,
    ["log_info"] = true,
}

RdlMeshGeometry("/scene/O_0x7fd5c77f7f08/SM_0000") {
    ["face_vertex_count"] = { 3, 3, 3, 3, 3, 3, 3, 3, 3, 3, 3, 3},
    ["vertex_list_0"] = { Vec3(1, 1, 1), Vec3(1, 1, -1), Vec3(1, -1, 1), Vec3(1, -1, -1), Vec3(-1, 1, 1), Vec3(-1, 1, -1), Vec3(-1, -1, 1), Vec3(-1, -1, -1)},
    ["is_subd"] = false,
    ["primitive_attributes"] = { UserData("/scene/O_0x7fd5c77f7f08/SM_0000.primvars:primId")},
    ["smooth_normal"] = false,
}

GeometrySet("allGeometry") {
    RdlMeshGeometry("/scene/O_0x7fd5c77f7f08/SM_0000"),
}

Layer("defaultLayer") {
    {RdlMeshGeometry("/scene/O_0x7fd5c77f7f08/SM_0000"), "", undef(), LightSet("LightSet1"), undef(), undef(), undef(), undef(), undef()},
}

SphereLight("/scene/O_0x7fd5c77f8908") {
    ["node_xform"] = blur(Mat4(-0.29086464643478394, 0.95517116785049438, -0.055189058184623718, 0, -0.77110081911087036, -0.1998833566904068, 0.60452473163604736, 0, 0.56639319658279419, 0.21839119493961334, 0.79467225074768066, 0, 4.0762453079223633, 1.0054539442062378, 5.9038619995117188, 1), Mat4(-0.29086464643478394, 0.95517116785049438, -0.055189058184623718, 0, -0.77110081911087036, -0.1998833566904068, 0.60452473163604736, 0, 0.56639319658279419, 0.21839119493961334, 0.79467225074768066, 0, 4.0762453079223633, 1.0054539442062378, 5.9038619995117188, 1)),
    ["intensity"] = 318.309875,
    ["radius"] = 0.100000001,
}

EnvLight("/scene/World") {
    ["node_xform"] = blur(Mat4(2.2204460492503131e-16, 1, 0, 0, -2.2204460492503131e-16, 4.9303806576313238e-32, 1, 0, 1, -2.2204460492503131e-16, 2.2204460492503131e-16, 0, 0, 0, 0, 1), Mat4(2.2204460492503131e-16, 1, 0, 0, -2.2204460492503131e-16, 4.9303806576313238e-32, 1, 0, 1, -2.2204460492503131e-16, 2.2204460492503131e-16, 0, 0, 0, 0, 1)),
    ["color"] = Rgb(0.0508760884, 0.0508760884, 0.0508760884),
    ["exposure"] = 1,
    ["texture"] = "/tmp/blender_mEIbPM/hydra/image_cache/color_121212.hdr",
}

LightSet("LightSet1") {
    SphereLight("/scene/O_0x7fd5c77f8908"),
    EnvLight("/scene/World"),
}

PerspectiveCamera("/freeCamera/camera") {
    ["node_xform"] = blur(Mat4(0.41002836428225342, 0.91197614959375972, -0.013264506818429262, 0, -0.40174234146253629, 0.19364341332391988, 0.89504470982243423, -0, 0.81882817992657009, -0.36166470996778366, 0.44577889340471377, 0, 14.727904422425397, -6.5051049926583966, 8.0180300294354137, 0.99999999999999978), Mat4(0.41002836428225342, 0.91197614959375972, -0.013264506818429262, 0, -0.40174234146253629, 0.19364341332391988, 0.89504470982243423, -0, 0.81882817992657009, -0.36166470996778366, 0.44577889340471377, 0, 14.727904422425397, -6.5051049926583966, 8.0180300294354137, 0.99999999999999978)),
    ["near"] = 0.00999999978,
    ["far"] = 1000,
    ["focal"] = blur(50, 50),
    ["film_width_aperture"] = 72,
}

PerspectiveCamera("primaryCamera") {
    ["node_xform"] = blur(Mat4(0.41002836428225342, 0.91197614959375972, -0.013264506818429262, 0, -0.40174234146253629, 0.19364341332391988, 0.89504470982243423, -0, 0.81882817992657009, -0.36166470996778366, 0.44577889340471377, 0, 14.727904422425397, -6.5051049926583966, 8.0180300294354137, 0.99999999999999978), Mat4(0.41002836428225342, 0.91197614959375972, -0.013264506818429262, 0, -0.40174234146253629, 0.19364341332391988, 0.89504470982243423, -0, 0.81882817992657009, -0.36166470996778366, 0.44577889340471377, 0, 14.727904422425397, -6.5051049926583966, 8.0180300294354137, 0.99999999999999978)),
    ["near"] = 0.00999999978,
    ["far"] = 1000,
    ["focal"] = blur(50, 50),
    ["film_width_aperture"] = 72,
}

UserData("/scene/O_0x7fd5c77f7f08/SM_0000.primvars:primId") {
    ["float_key"] = "primId",
    ["float_values_0"] = { 0},
    ["rate"] = "constant",
}
